6   9   3   1   
7   5   4   14  
2   _   10  13  
15  11  12  8   

6   9   3   1   
7   5   4   14  
2   10  _   13  
15  11  12  8   

6   9   3   1   
7   5   4   14  
2   10  13  _   
15  11  12  8   

6   9   3   1   
7   5   4   14  
2   10  13  8   
15  11  12  _   

6   9   3   1   
7   5   4   14  
2   10  13  8   
15  11  _   12  

6   9   3   1   
7   5   4   14  
2   10  13  8   
15  _   11  12  

6   9   3   1   
7   5   4   14  
2   _   13  8   
15  10  11  12  

6   9   3   1   
7   5   4   14  
2   13  _   8   
15  10  11  12  

6   9   3   1   
7   5   4   14  
2   13  11  8   
15  10  _   12  

6   9   3   1   
7   5   4   14  
2   13  11  8   
15  _   10  12  

6   9   3   1   
7   5   4   14  
2   _   11  8   
15  13  10  12  

6   9   3   1   
7   5   4   14  
_   2   11  8   
15  13  10  12  

6   9   3   1   
_   5   4   14  
7   2   11  8   
15  13  10  12  

6   9   3   1   
5   _   4   14  
7   2   11  8   
15  13  10  12  

6   9   3   1   
5   2   4   14  
7   _   11  8   
15  13  10  12  

6   9   3   1   
5   2   4   14  
_   7   11  8   
15  13  10  12  

6   9   3   1   
5   2   4   14  
15  7   11  8   
_   13  10  12  

6   9   3   1   
5   2   4   14  
15  7   11  8   
13  _   10  12  

6   9   3   1   
5   2   4   14  
15  7   11  8   
13  10  _   12  

6   9   3   1   
5   2   4   14  
15  7   _   8   
13  10  11  12  

6   9   3   1   
5   2   4   14  
15  _   7   8   
13  10  11  12  

6   9   3   1   
5   2   4   14  
_   15  7   8   
13  10  11  12  

6   9   3   1   
_   2   4   14  
5   15  7   8   
13  10  11  12  

_   9   3   1   
6   2   4   14  
5   15  7   8   
13  10  11  12  

9   _   3   1   
6   2   4   14  
5   15  7   8   
13  10  11  12  

9   2   3   1   
6   _   4   14  
5   15  7   8   
13  10  11  12  

9   2   3   1   
_   6   4   14  
5   15  7   8   
13  10  11  12  

_   2   3   1   
9   6   4   14  
5   15  7   8   
13  10  11  12  

2   _   3   1   
9   6   4   14  
5   15  7   8   
13  10  11  12  

2   3   _   1   
9   6   4   14  
5   15  7   8   
13  10  11  12  

2   3   4   1   
9   6   _   14  
5   15  7   8   
13  10  11  12  

2   3   4   1   
9   6   7   14  
5   15  _   8   
13  10  11  12  

2   3   4   1   
9   6   7   14  
5   _   15  8   
13  10  11  12  

2   3   4   1   
9   6   7   14  
5   10  15  8   
13  _   11  12  

2   3   4   1   
9   6   7   14  
5   10  15  8   
13  11  _   12  

2   3   4   1   
9   6   7   14  
5   10  _   8   
13  11  15  12  

2   3   4   1   
9   6   _   14  
5   10  7   8   
13  11  15  12  

2   3   4   1   
9   6   14  _   
5   10  7   8   
13  11  15  12  

2   3   4   1   
9   6   14  8   
5   10  7   _   
13  11  15  12  

2   3   4   1   
9   6   14  8   
5   10  _   7   
13  11  15  12  

2   3   4   1   
9   6   _   8   
5   10  14  7   
13  11  15  12  

2   3   _   1   
9   6   4   8   
5   10  14  7   
13  11  15  12  

2   _   3   1   
9   6   4   8   
5   10  14  7   
13  11  15  12  

_   2   3   1   
9   6   4   8   
5   10  14  7   
13  11  15  12  

9   2   3   1   
_   6   4   8   
5   10  14  7   
13  11  15  12  

9   2   3   1   
5   6   4   8   
_   10  14  7   
13  11  15  12  

9   2   3   1   
5   6   4   8   
10  _   14  7   
13  11  15  12  

9   2   3   1   
5   6   4   8   
10  14  _   7   
13  11  15  12  

9   2   3   1   
5   6   4   8   
10  14  7   _   
13  11  15  12  

9   2   3   1   
5   6   4   8   
10  14  7   12  
13  11  15  _   

9   2   3   1   
5   6   4   8   
10  14  7   12  
13  11  _   15  

9   2   3   1   
5   6   4   8   
10  14  7   12  
13  _   11  15  

9   2   3   1   
5   6   4   8   
10  _   7   12  
13  14  11  15  

9   2   3   1   
5   6   4   8   
10  7   _   12  
13  14  11  15  

9   2   3   1   
5   6   4   8   
10  7   11  12  
13  14  _   15  

9   2   3   1   
5   6   4   8   
10  7   11  12  
13  14  15  _   

9   2   3   1   
5   6   4   8   
10  7   11  _   
13  14  15  12  

9   2   3   1   
5   6   4   _   
10  7   11  8   
13  14  15  12  

9   2   3   1   
5   6   _   4   
10  7   11  8   
13  14  15  12  

9   2   _   1   
5   6   3   4   
10  7   11  8   
13  14  15  12  

9   2   1   _   
5   6   3   4   
10  7   11  8   
13  14  15  12  

9   2   1   4   
5   6   3   _   
10  7   11  8   
13  14  15  12  

9   2   1   4   
5   6   3   8   
10  7   11  _   
13  14  15  12  

9   2   1   4   
5   6   3   8   
10  7   _   11  
13  14  15  12  

9   2   1   4   
5   6   3   8   
10  _   7   11  
13  14  15  12  

9   2   1   4   
5   _   3   8   
10  6   7   11  
13  14  15  12  

9   _   1   4   
5   2   3   8   
10  6   7   11  
13  14  15  12  

9   1   _   4   
5   2   3   8   
10  6   7   11  
13  14  15  12  

9   1   3   4   
5   2   _   8   
10  6   7   11  
13  14  15  12  

9   1   3   4   
5   2   7   8   
10  6   _   11  
13  14  15  12  

9   1   3   4   
5   2   7   8   
10  _   6   11  
13  14  15  12  

9   1   3   4   
5   2   7   8   
_   10  6   11  
13  14  15  12  

9   1   3   4   
_   2   7   8   
5   10  6   11  
13  14  15  12  

_   1   3   4   
9   2   7   8   
5   10  6   11  
13  14  15  12  

1   _   3   4   
9   2   7   8   
5   10  6   11  
13  14  15  12  

1   2   3   4   
9   _   7   8   
5   10  6   11  
13  14  15  12  

1   2   3   4   
_   9   7   8   
5   10  6   11  
13  14  15  12  

1   2   3   4   
5   9   7   8   
_   10  6   11  
13  14  15  12  

1   2   3   4   
5   9   7   8   
10  _   6   11  
13  14  15  12  

1   2   3   4   
5   9   7   8   
10  6   _   11  
13  14  15  12  

1   2   3   4   
5   9   _   8   
10  6   7   11  
13  14  15  12  

1   2   3   4   
5   _   9   8   
10  6   7   11  
13  14  15  12  

1   2   3   4   
5   6   9   8   
10  _   7   11  
13  14  15  12  

1   2   3   4   
5   6   9   8   
_   10  7   11  
13  14  15  12  

1   2   3   4   
_   6   9   8   
5   10  7   11  
13  14  15  12  

1   2   3   4   
6   _   9   8   
5   10  7   11  
13  14  15  12  

1   2   3   4   
6   9   _   8   
5   10  7   11  
13  14  15  12  

1   2   3   4   
6   9   7   8   
5   10  _   11  
13  14  15  12  

1   2   3   4   
6   9   7   8   
5   _   10  11  
13  14  15  12  

1   2   3   4   
6   _   7   8   
5   9   10  11  
13  14  15  12  

1   2   3   4   
_   6   7   8   
5   9   10  11  
13  14  15  12  

1   2   3   4   
5   6   7   8   
_   9   10  11  
13  14  15  12  

1   2   3   4   
5   6   7   8   
9   _   10  11  
13  14  15  12  

1   2   3   4   
5   6   7   8   
9   10  _   11  
13  14  15  12  

1   2   3   4   
5   6   7   8   
9   10  11  _   
13  14  15  12  

1   2   3   4   
5   6   7   8   
9   10  11  12  
13  14  15  _   

