11  12  1   10  
9   6   2   5   
3   4   _   15  
14  8   7   13  

11  12  1   10  
9   6   2   5   
3   _   4   15  
14  8   7   13  

11  12  1   10  
9   6   2   5   
_   3   4   15  
14  8   7   13  

11  12  1   10  
_   6   2   5   
9   3   4   15  
14  8   7   13  

_   12  1   10  
11  6   2   5   
9   3   4   15  
14  8   7   13  

12  _   1   10  
11  6   2   5   
9   3   4   15  
14  8   7   13  

12  1   _   10  
11  6   2   5   
9   3   4   15  
14  8   7   13  

12  1   2   10  
11  6   _   5   
9   3   4   15  
14  8   7   13  

12  1   2   10  
11  6   4   5   
9   3   _   15  
14  8   7   13  

12  1   2   10  
11  6   4   5   
9   3   7   15  
14  8   _   13  

12  1   2   10  
11  6   4   5   
9   3   7   15  
14  8   13  _   

12  1   2   10  
11  6   4   5   
9   3   7   _   
14  8   13  15  

12  1   2   10  
11  6   4   5   
9   3   _   7   
14  8   13  15  

12  1   2   10  
11  6   4   5   
9   _   3   7   
14  8   13  15  

12  1   2   10  
11  6   4   5   
9   8   3   7   
14  _   13  15  

12  1   2   10  
11  6   4   5   
9   8   3   7   
_   14  13  15  

12  1   2   10  
11  6   4   5   
_   8   3   7   
9   14  13  15  

12  1   2   10  
_   6   4   5   
11  8   3   7   
9   14  13  15  

_   1   2   10  
12  6   4   5   
11  8   3   7   
9   14  13  15  

1   _   2   10  
12  6   4   5   
11  8   3   7   
9   14  13  15  

1   2   _   10  
12  6   4   5   
11  8   3   7   
9   14  13  15  

1   2   4   10  
12  6   _   5   
11  8   3   7   
9   14  13  15  

1   2   4   10  
12  6   5   _   
11  8   3   7   
9   14  13  15  

1   2   4   _   
12  6   5   10  
11  8   3   7   
9   14  13  15  

1   2   _   4   
12  6   5   10  
11  8   3   7   
9   14  13  15  

1   2   5   4   
12  6   _   10  
11  8   3   7   
9   14  13  15  

1   2   5   4   
12  6   3   10  
11  8   _   7   
9   14  13  15  

1   2   5   4   
12  6   3   10  
11  _   8   7   
9   14  13  15  

1   2   5   4   
12  6   3   10  
_   11  8   7   
9   14  13  15  

1   2   5   4   
_   6   3   10  
12  11  8   7   
9   14  13  15  

1   2   5   4   
6   _   3   10  
12  11  8   7   
9   14  13  15  

1   _   5   4   
6   2   3   10  
12  11  8   7   
9   14  13  15  

1   5   _   4   
6   2   3   10  
12  11  8   7   
9   14  13  15  

1   5   3   4   
6   2   _   10  
12  11  8   7   
9   14  13  15  

1   5   3   4   
6   2   10  _   
12  11  8   7   
9   14  13  15  

1   5   3   4   
6   2   10  7   
12  11  8   _   
9   14  13  15  

1   5   3   4   
6   2   10  7   
12  11  _   8   
9   14  13  15  

1   5   3   4   
6   2   _   7   
12  11  10  8   
9   14  13  15  

1   5   3   4   
6   _   2   7   
12  11  10  8   
9   14  13  15  

1   _   3   4   
6   5   2   7   
12  11  10  8   
9   14  13  15  

_   1   3   4   
6   5   2   7   
12  11  10  8   
9   14  13  15  

6   1   3   4   
_   5   2   7   
12  11  10  8   
9   14  13  15  

6   1   3   4   
5   _   2   7   
12  11  10  8   
9   14  13  15  

6   1   3   4   
5   2   _   7   
12  11  10  8   
9   14  13  15  

6   1   3   4   
5   2   10  7   
12  11  _   8   
9   14  13  15  

6   1   3   4   
5   2   10  7   
12  _   11  8   
9   14  13  15  

6   1   3   4   
5   2   10  7   
_   12  11  8   
9   14  13  15  

6   1   3   4   
_   2   10  7   
5   12  11  8   
9   14  13  15  

_   1   3   4   
6   2   10  7   
5   12  11  8   
9   14  13  15  

1   _   3   4   
6   2   10  7   
5   12  11  8   
9   14  13  15  

1   2   3   4   
6   _   10  7   
5   12  11  8   
9   14  13  15  

1   2   3   4   
6   10  _   7   
5   12  11  8   
9   14  13  15  

1   2   3   4   
6   10  11  7   
5   12  _   8   
9   14  13  15  

1   2   3   4   
6   10  11  7   
5   _   12  8   
9   14  13  15  

1   2   3   4   
6   _   11  7   
5   10  12  8   
9   14  13  15  

1   2   3   4   
6   11  _   7   
5   10  12  8   
9   14  13  15  

1   2   3   4   
6   11  7   _   
5   10  12  8   
9   14  13  15  

1   2   3   4   
6   11  7   8   
5   10  12  _   
9   14  13  15  

1   2   3   4   
6   11  7   8   
5   10  _   12  
9   14  13  15  

1   2   3   4   
6   11  7   8   
5   _   10  12  
9   14  13  15  

1   2   3   4   
6   _   7   8   
5   11  10  12  
9   14  13  15  

1   2   3   4   
_   6   7   8   
5   11  10  12  
9   14  13  15  

1   2   3   4   
5   6   7   8   
_   11  10  12  
9   14  13  15  

1   2   3   4   
5   6   7   8   
9   11  10  12  
_   14  13  15  

1   2   3   4   
5   6   7   8   
9   11  10  12  
14  _   13  15  

1   2   3   4   
5   6   7   8   
9   _   10  12  
14  11  13  15  

1   2   3   4   
5   6   7   8   
9   10  _   12  
14  11  13  15  

1   2   3   4   
5   6   7   8   
9   10  13  12  
14  11  _   15  

1   2   3   4   
5   6   7   8   
9   10  13  12  
14  _   11  15  

1   2   3   4   
5   6   7   8   
9   10  13  12  
_   14  11  15  

1   2   3   4   
5   6   7   8   
_   10  13  12  
9   14  11  15  

1   2   3   4   
5   6   7   8   
10  _   13  12  
9   14  11  15  

1   2   3   4   
5   6   7   8   
10  13  _   12  
9   14  11  15  

1   2   3   4   
5   6   7   8   
10  13  11  12  
9   14  _   15  

1   2   3   4   
5   6   7   8   
10  13  11  12  
9   _   14  15  

1   2   3   4   
5   6   7   8   
10  _   11  12  
9   13  14  15  

1   2   3   4   
5   6   7   8   
_   10  11  12  
9   13  14  15  

1   2   3   4   
5   6   7   8   
9   10  11  12  
_   13  14  15  

1   2   3   4   
5   6   7   8   
9   10  11  12  
13  _   14  15  

1   2   3   4   
5   6   7   8   
9   10  11  12  
13  14  _   15  

1   2   3   4   
5   6   7   8   
9   10  11  12  
13  14  15  _   

