9 8 5 4 14 15 12 13 1 3 2 11 7 10 16 6
4 2 14 1 5 9 10 11 15 12 16 3 7 13 6 8
10 7 12 5 16 8 11 2 4 6 1 3 14 13 15 9
2 6 12 9 15 3 7 8 4 11 5 14 13 10 16 1
1 10 3 14 15 11 8 16 13 6 2 7 9 4 12 5
6 15 9 4 11 16 14 3 13 5 7 12 2 10 1 8
2 10 7 8 9 6 3 16 13 5 15 4 14 11 1 12
8 1 16 13 5 9 2 6 15 11 7 3 10 14 4 12
6 8 3 7 9 12 11 13 1 15 4 14 2 16 5 10
16 5 7 4 11 9 2 10 14 1 12 13 6 15 8 3
2 9 4 1 15 5 7 13 14 8 3 16 11 10 12 6
6 5 9 8 1 13 14 15 12 3 7 4 11 16 10 2
14 9 2 11 5 7 6 4 13 3 8 12 10 16 1 15
8 1 3 14 10 9 6 13 15 5 7 11 2 4 16 12
3 15 1 12 2 4 10 16 13 8 9 5 14 7 11 6
6 3 11 1 14 2 13 5 7 15 8 9 12 4 10 16
5 1 11 4 8 15 13 10 3 16 2 7 9 14 12 6
10 9 4 16 8 11 14 12 1 2 15 7 6 13 5 3
4 11 6 5 13 9 1 8 14 16 2 15 3 7 12 10
16 7 3 6 4 1 5 10 2 13 12 8 9 11 14 15
2 6 8 5 4 3 16 9 1 15 12 11 13 14 10 7
9 14 8 5 13 3 10 15 7 11 16 1 4 2 6 12
7 11 5 14 16 1 9 2 6 4 8 12 15 10 3 13
10 4 12 6 3 7 13 14 15 11 16 5 1 9 2 8
2 3 14 11 15 6 8 10 5 4 13 12 16 7 1 9
12 14 5 6 11 2 1 7 4 15 9 13 3 10 16 8
10 12 15 6 1 3 5 14 8 13 4 7 11 2 16 9
3 15 6 11 5 8 1 16 14 7 12 13 4 10 2 9
13 14 8 15 4 9 7 11 5 16 6 1 2 10 3 12
14 5 8 10 6 2 7 3 1 12 4 9 11 16 13 15
5 1 16 2 6 11 14 13 15 9 3 8 10 4 12 7
9 8 2 6 14 7 16 13 5 12 10 3 1 4 11 15
16 3 13 15 8 6 7 5 1 14 9 10 11 12 4 2
3 14 7 5 16 15 12 8 1 2 10 9 13 4 6 11
1 9 2 5 7 4 12 16 8 15 14 13 11 6 10 3
2 1 16 10 11 15 8 6 7 3 9 13 5 12 4 14
7 8 9 11 5 4 3 10 1 6 16 13 2 12 15 14
8 6 10 14 5 7 1 4 3 13 9 12 16 15 11 2
14 3 5 8 11 12 15 13 9 7 1 4 6 10 2 16
7 6 2 15 11 16 1 3 10 13 9 4 12 8 14 5
7 4 15 16 12 3 8 5 6 13 9 14 10 11 1 2
8 3 9 6 12 2 10 16 7 5 15 13 14 11 4 1
2 4 15 5 10 6 8 12 16 14 3 11 7 9 1 13
7 8 13 6 12 16 14 10 1 3 15 11 9 4 5 2
12 3 1 6 2 4 13 5 16 7 15 9 14 8 10 11
7 10 16 12 4 9 8 2 11 15 1 3 6 5 13 14
3 13 11 6 10 2 8 1 4 15 12 5 9 14 16 7
9 14 6 8 13 11 15 7 5 12 1 4 2 10 16 3
8 10 5 4 7 3 2 6 1 16 9 14 13 12 15 11
6 10 12 3 14 13 1 16 8 2 5 9 4 11 15 7
13 2 6 7 10 9 1 12 8 16 5 15 3 11 4 14
10 12 4 8 3 1 6 16 9 5 7 14 11 15 13 2
15 12 9 1 14 4 11 2 13 8 16 3 7 10 6 5
13 14 3 12 15 10 16 7 2 6 1 5 4 11 8 9
9 6 14 4 2 12 15 11 5 8 1 3 16 7 10 13
3 15 4 11 13 9 1 5 10 16 12 2 7 14 8 6
3 6 8 16 13 10 4 7 11 5 14 12 2 1 9 15
6 9 15 1 4 8 12 13 3 16 14 11 5 7 10 2
14 6 12 4 2 11 9 10 8 5 1 16 15 3 13 7
7 12 16 14 11 2 10 1 4 8 13 6 5 15 3 9
1 11 12 4 9 14 13 3 5 7 8 15 6 16 10 2
8 14 6 11 9 16 3 7 4 5 1 12 10 2 15 13
11 16 14 15 8 3 13 4 1 12 5 10 6 7 2 9
13 15 14 2 9 1 8 4 6 11 7 10 5 16 3 12
11 1 8 10 9 3 4 14 16 6 13 5 15 2 7 12
7 5 16 4 3 9 12 2 11 13 14 10 15 1 8 6
7 15 14 10 8 12 3 11 16 5 1 2 9 6 4 13
2 10 14 4 13 6 12 8 5 15 9 3 1 7 11 16
3 4 1 15 5 11 12 10 14 9 16 8 6 2 7 13
11 1 7 4 13 2 16 12 3 10 8 6 9 14 5 15
8 3 11 10 4 6 7 2 13 1 14 12 9 16 15 5
15 2 7 12 3 8 5 13 9 1 14 11 6 10 16 4
14 12 5 15 2 8 10 13 9 1 4 16 7 11 6 3
4 3 5 9 12 16 13 8 15 14 6 2 7 11 10 1
8 12 3 5 9 10 2 1 11 14 6 15 13 4 16 7
9 15 4 5 6 11 12 7 14 8 10 3 13 2 1 16
4 10 9 6 14 7 1 8 15 16 11 3 5 13 2 12
5 3 9 14 12 1 16 6 2 4 13 15 8 10 7 11
15 11 5 14 2 3 12 13 4 10 9 1 8 16 7 6
10 15 6 2 3 9 4 13 12 11 5 1 14 8 16 7
15 3 14 2 7 11 8 4 16 1 13 9 10 5 12 6
15 16 14 3 13 11 4 9 10 6 1 12 7 5 2 8
8 7 10 9 14 11 3 4 12 15 6 5 2 16 1 13
4 10 13 2 11 3 7 6 16 1 12 8 15 9 5 14
10 14 13 12 9 4 1 7 16 11 6 15 5 3 8 2
6 3 4 11 14 10 7 16 1 2 12 8 13 5 9 15
3 14 15 4 5 9 11 8 13 7 16 1 10 6 2 12
4 7 13 1 6 2 3 12 10 14 16 5 9 8 15 11
1 7 4 10 16 15 6 2 13 14 9 5 3 8 11 12
4 5 9 7 1 8 3 6 2 10 15 13 14 16 12 11
9 5 2 15 8 11 6 12 16 7 10 4 3 13 1 14
12 1 16 7 4 5 3 6 15 9 10 8 13 11 2 14
9 4 7 13 2 15 14 3 5 16 6 8 1 12 10 11
15 7 5 11 3 4 16 9 1 6 14 12 2 10 8 13
7 3 9 11 5 16 1 6 14 13 10 2 4 15 8 12
16 1 4 13 15 12 5 11 3 10 8 9 2 14 6 7
1 12 14 9 4 15 8 10 2 3 11 13 7 16 6 5
8 6 4 13 7 12 16 15 1 11 3 14 9 5 2 10
3 16 9 1 6 4 8 11 12 15 13 10 5 7 2 14
5 6 3 10 14 2 12 7 16 13 11 15 1 8 9 4
