5   9   4   7   
_   11  6   14  
13  8   2   12  
3   10  15  1   

_   9   4   7   
5   11  6   14  
13  8   2   12  
3   10  15  1   

9   _   4   7   
5   11  6   14  
13  8   2   12  
3   10  15  1   

9   11  4   7   
5   _   6   14  
13  8   2   12  
3   10  15  1   

9   11  4   7   
5   6   _   14  
13  8   2   12  
3   10  15  1   

9   11  4   7   
5   6   14  _   
13  8   2   12  
3   10  15  1   

9   11  4   _   
5   6   14  7   
13  8   2   12  
3   10  15  1   

9   11  _   4   
5   6   14  7   
13  8   2   12  
3   10  15  1   

9   _   11  4   
5   6   14  7   
13  8   2   12  
3   10  15  1   

9   6   11  4   
5   _   14  7   
13  8   2   12  
3   10  15  1   

9   6   11  4   
5   14  _   7   
13  8   2   12  
3   10  15  1   

9   6   11  4   
5   14  2   7   
13  8   _   12  
3   10  15  1   

9   6   11  4   
5   14  2   7   
13  _   8   12  
3   10  15  1   

9   6   11  4   
5   14  2   7   
13  10  8   12  
3   _   15  1   

9   6   11  4   
5   14  2   7   
13  10  8   12  
_   3   15  1   

9   6   11  4   
5   14  2   7   
_   10  8   12  
13  3   15  1   

9   6   11  4   
5   14  2   7   
10  _   8   12  
13  3   15  1   

9   6   11  4   
5   _   2   7   
10  14  8   12  
13  3   15  1   

9   _   11  4   
5   6   2   7   
10  14  8   12  
13  3   15  1   

9   11  _   4   
5   6   2   7   
10  14  8   12  
13  3   15  1   

9   11  2   4   
5   6   _   7   
10  14  8   12  
13  3   15  1   

9   11  2   4   
5   6   8   7   
10  14  _   12  
13  3   15  1   

9   11  2   4   
5   6   8   7   
10  14  15  12  
13  3   _   1   

9   11  2   4   
5   6   8   7   
10  14  15  12  
13  _   3   1   

9   11  2   4   
5   6   8   7   
10  _   15  12  
13  14  3   1   

9   11  2   4   
5   _   8   7   
10  6   15  12  
13  14  3   1   

9   _   2   4   
5   11  8   7   
10  6   15  12  
13  14  3   1   

9   2   _   4   
5   11  8   7   
10  6   15  12  
13  14  3   1   

9   2   8   4   
5   11  _   7   
10  6   15  12  
13  14  3   1   

9   2   8   4   
5   _   11  7   
10  6   15  12  
13  14  3   1   

9   2   8   4   
5   6   11  7   
10  _   15  12  
13  14  3   1   

9   2   8   4   
5   6   11  7   
10  15  _   12  
13  14  3   1   

9   2   8   4   
5   6   11  7   
10  15  3   12  
13  14  _   1   

9   2   8   4   
5   6   11  7   
10  15  3   12  
13  14  1   _   

9   2   8   4   
5   6   11  7   
10  15  3   _   
13  14  1   12  

9   2   8   4   
5   6   11  7   
10  15  _   3   
13  14  1   12  

9   2   8   4   
5   6   _   7   
10  15  11  3   
13  14  1   12  

9   2   8   4   
5   6   7   _   
10  15  11  3   
13  14  1   12  

9   2   8   4   
5   6   7   3   
10  15  11  _   
13  14  1   12  

9   2   8   4   
5   6   7   3   
10  15  _   11  
13  14  1   12  

9   2   8   4   
5   6   7   3   
10  _   15  11  
13  14  1   12  

9   2   8   4   
5   6   7   3   
_   10  15  11  
13  14  1   12  

9   2   8   4   
5   6   7   3   
13  10  15  11  
_   14  1   12  

9   2   8   4   
5   6   7   3   
13  10  15  11  
14  _   1   12  

9   2   8   4   
5   6   7   3   
13  10  15  11  
14  1   _   12  

9   2   8   4   
5   6   7   3   
13  10  _   11  
14  1   15  12  

9   2   8   4   
5   6   7   3   
13  _   10  11  
14  1   15  12  

9   2   8   4   
5   6   7   3   
13  1   10  11  
14  _   15  12  

9   2   8   4   
5   6   7   3   
13  1   10  11  
_   14  15  12  

9   2   8   4   
5   6   7   3   
_   1   10  11  
13  14  15  12  

9   2   8   4   
_   6   7   3   
5   1   10  11  
13  14  15  12  

9   2   8   4   
6   _   7   3   
5   1   10  11  
13  14  15  12  

9   2   8   4   
6   1   7   3   
5   _   10  11  
13  14  15  12  

9   2   8   4   
6   1   7   3   
5   10  _   11  
13  14  15  12  

9   2   8   4   
6   1   _   3   
5   10  7   11  
13  14  15  12  

9   2   _   4   
6   1   8   3   
5   10  7   11  
13  14  15  12  

9   2   4   _   
6   1   8   3   
5   10  7   11  
13  14  15  12  

9   2   4   3   
6   1   8   _   
5   10  7   11  
13  14  15  12  

9   2   4   3   
6   1   _   8   
5   10  7   11  
13  14  15  12  

9   2   4   3   
6   1   7   8   
5   10  _   11  
13  14  15  12  

9   2   4   3   
6   1   7   8   
5   10  11  _   
13  14  15  12  

9   2   4   3   
6   1   7   _   
5   10  11  8   
13  14  15  12  

9   2   4   _   
6   1   7   3   
5   10  11  8   
13  14  15  12  

9   2   _   4   
6   1   7   3   
5   10  11  8   
13  14  15  12  

9   _   2   4   
6   1   7   3   
5   10  11  8   
13  14  15  12  

9   1   2   4   
6   _   7   3   
5   10  11  8   
13  14  15  12  

9   1   2   4   
_   6   7   3   
5   10  11  8   
13  14  15  12  

9   1   2   4   
5   6   7   3   
_   10  11  8   
13  14  15  12  

9   1   2   4   
5   6   7   3   
10  _   11  8   
13  14  15  12  

9   1   2   4   
5   _   7   3   
10  6   11  8   
13  14  15  12  

9   1   2   4   
_   5   7   3   
10  6   11  8   
13  14  15  12  

_   1   2   4   
9   5   7   3   
10  6   11  8   
13  14  15  12  

1   _   2   4   
9   5   7   3   
10  6   11  8   
13  14  15  12  

1   2   _   4   
9   5   7   3   
10  6   11  8   
13  14  15  12  

1   2   7   4   
9   5   _   3   
10  6   11  8   
13  14  15  12  

1   2   7   4   
9   5   3   _   
10  6   11  8   
13  14  15  12  

1   2   7   4   
9   5   3   8   
10  6   11  _   
13  14  15  12  

1   2   7   4   
9   5   3   8   
10  6   _   11  
13  14  15  12  

1   2   7   4   
9   5   3   8   
10  _   6   11  
13  14  15  12  

1   2   7   4   
9   5   3   8   
_   10  6   11  
13  14  15  12  

1   2   7   4   
_   5   3   8   
9   10  6   11  
13  14  15  12  

1   2   7   4   
5   _   3   8   
9   10  6   11  
13  14  15  12  

1   2   7   4   
5   3   _   8   
9   10  6   11  
13  14  15  12  

1   2   7   4   
5   3   6   8   
9   10  _   11  
13  14  15  12  

1   2   7   4   
5   3   6   8   
9   _   10  11  
13  14  15  12  

1   2   7   4   
5   _   6   8   
9   3   10  11  
13  14  15  12  

1   2   7   4   
5   6   _   8   
9   3   10  11  
13  14  15  12  

1   2   _   4   
5   6   7   8   
9   3   10  11  
13  14  15  12  

1   _   2   4   
5   6   7   8   
9   3   10  11  
13  14  15  12  

1   6   2   4   
5   _   7   8   
9   3   10  11  
13  14  15  12  

1   6   2   4   
5   3   7   8   
9   _   10  11  
13  14  15  12  

1   6   2   4   
5   3   7   8   
9   10  _   11  
13  14  15  12  

1   6   2   4   
5   3   _   8   
9   10  7   11  
13  14  15  12  

1   6   2   4   
5   _   3   8   
9   10  7   11  
13  14  15  12  

1   _   2   4   
5   6   3   8   
9   10  7   11  
13  14  15  12  

1   2   _   4   
5   6   3   8   
9   10  7   11  
13  14  15  12  

1   2   3   4   
5   6   _   8   
9   10  7   11  
13  14  15  12  

1   2   3   4   
5   6   7   8   
9   10  _   11  
13  14  15  12  

1   2   3   4   
5   6   7   8   
9   10  11  _   
13  14  15  12  

1   2   3   4   
5   6   7   8   
9   10  11  12  
13  14  15  _   

