5   9   4   7   
_   11  6   14  
13  8   2   12  
3   10  15  1   

_   9   4   7   
5   11  6   14  
13  8   2   12  
3   10  15  1   

9   _   4   7   
5   11  6   14  
13  8   2   12  
3   10  15  1   

9   11  4   7   
5   _   6   14  
13  8   2   12  
3   10  15  1   

9   11  4   7   
5   6   _   14  
13  8   2   12  
3   10  15  1   

9   11  4   7   
5   6   14  _   
13  8   2   12  
3   10  15  1   

9   11  4   _   
5   6   14  7   
13  8   2   12  
3   10  15  1   

9   11  _   4   
5   6   14  7   
13  8   2   12  
3   10  15  1   

9   _   11  4   
5   6   14  7   
13  8   2   12  
3   10  15  1   

9   6   11  4   
5   _   14  7   
13  8   2   12  
3   10  15  1   

9   6   11  4   
5   14  _   7   
13  8   2   12  
3   10  15  1   

9   6   11  4   
5   14  2   7   
13  8   _   12  
3   10  15  1   

9   6   11  4   
5   14  2   7   
13  _   8   12  
3   10  15  1   

9   6   11  4   
5   14  2   7   
13  10  8   12  
3   _   15  1   

9   6   11  4   
5   14  2   7   
13  10  8   12  
_   3   15  1   

9   6   11  4   
5   14  2   7   
_   10  8   12  
13  3   15  1   

9   6   11  4   
5   14  2   7   
10  _   8   12  
13  3   15  1   

9   6   11  4   
5   _   2   7   
10  14  8   12  
13  3   15  1   

9   6   11  4   
5   2   _   7   
10  14  8   12  
13  3   15  1   

9   6   11  4   
5   2   8   7   
10  14  _   12  
13  3   15  1   

9   6   11  4   
5   2   8   7   
10  14  15  12  
13  3   _   1   

9   6   11  4   
5   2   8   7   
10  14  15  12  
13  _   3   1   

9   6   11  4   
5   2   8   7   
10  _   15  12  
13  14  3   1   

9   6   11  4   
5   2   8   7   
_   10  15  12  
13  14  3   1   

9   6   11  4   
_   2   8   7   
5   10  15  12  
13  14  3   1   

_   6   11  4   
9   2   8   7   
5   10  15  12  
13  14  3   1   

6   _   11  4   
9   2   8   7   
5   10  15  12  
13  14  3   1   

6   2   11  4   
9   _   8   7   
5   10  15  12  
13  14  3   1   

6   2   11  4   
9   8   _   7   
5   10  15  12  
13  14  3   1   

6   2   11  4   
9   8   7   _   
5   10  15  12  
13  14  3   1   

6   2   11  4   
9   8   7   12  
5   10  15  _   
13  14  3   1   

6   2   11  4   
9   8   7   12  
5   10  15  1   
13  14  3   _   

6   2   11  4   
9   8   7   12  
5   10  15  1   
13  14  _   3   

6   2   11  4   
9   8   7   12  
5   10  _   1   
13  14  15  3   

6   2   11  4   
9   8   7   12  
5   10  1   _   
13  14  15  3   

6   2   11  4   
9   8   7   _   
5   10  1   12  
13  14  15  3   

6   2   11  4   
9   8   _   7   
5   10  1   12  
13  14  15  3   

6   2   _   4   
9   8   11  7   
5   10  1   12  
13  14  15  3   

6   _   2   4   
9   8   11  7   
5   10  1   12  
13  14  15  3   

_   6   2   4   
9   8   11  7   
5   10  1   12  
13  14  15  3   

9   6   2   4   
_   8   11  7   
5   10  1   12  
13  14  15  3   

9   6   2   4   
5   8   11  7   
_   10  1   12  
13  14  15  3   

9   6   2   4   
5   8   11  7   
10  _   1   12  
13  14  15  3   

9   6   2   4   
5   8   11  7   
10  1   _   12  
13  14  15  3   

9   6   2   4   
5   8   _   7   
10  1   11  12  
13  14  15  3   

9   6   2   4   
5   _   8   7   
10  1   11  12  
13  14  15  3   

9   6   2   4   
5   1   8   7   
10  _   11  12  
13  14  15  3   

9   6   2   4   
5   1   8   7   
_   10  11  12  
13  14  15  3   

9   6   2   4   
_   1   8   7   
5   10  11  12  
13  14  15  3   

9   6   2   4   
1   _   8   7   
5   10  11  12  
13  14  15  3   

9   _   2   4   
1   6   8   7   
5   10  11  12  
13  14  15  3   

_   9   2   4   
1   6   8   7   
5   10  11  12  
13  14  15  3   

1   9   2   4   
_   6   8   7   
5   10  11  12  
13  14  15  3   

1   9   2   4   
6   _   8   7   
5   10  11  12  
13  14  15  3   

1   _   2   4   
6   9   8   7   
5   10  11  12  
13  14  15  3   

1   2   _   4   
6   9   8   7   
5   10  11  12  
13  14  15  3   

1   2   8   4   
6   9   _   7   
5   10  11  12  
13  14  15  3   

1   2   8   4   
6   9   7   _   
5   10  11  12  
13  14  15  3   

1   2   8   4   
6   9   7   12  
5   10  11  _   
13  14  15  3   

1   2   8   4   
6   9   7   12  
5   10  11  3   
13  14  15  _   

1   2   8   4   
6   9   7   12  
5   10  11  3   
13  14  _   15  

1   2   8   4   
6   9   7   12  
5   10  _   3   
13  14  11  15  

1   2   8   4   
6   9   7   12  
5   10  3   _   
13  14  11  15  

1   2   8   4   
6   9   7   _   
5   10  3   12  
13  14  11  15  

1   2   8   4   
6   9   _   7   
5   10  3   12  
13  14  11  15  

1   2   8   4   
6   9   3   7   
5   10  _   12  
13  14  11  15  

1   2   8   4   
6   9   3   7   
5   _   10  12  
13  14  11  15  

1   2   8   4   
6   _   3   7   
5   9   10  12  
13  14  11  15  

1   2   8   4   
_   6   3   7   
5   9   10  12  
13  14  11  15  

1   2   8   4   
5   6   3   7   
_   9   10  12  
13  14  11  15  

1   2   8   4   
5   6   3   7   
9   _   10  12  
13  14  11  15  

1   2   8   4   
5   6   3   7   
9   10  _   12  
13  14  11  15  

1   2   8   4   
5   6   _   7   
9   10  3   12  
13  14  11  15  

1   2   _   4   
5   6   8   7   
9   10  3   12  
13  14  11  15  

1   2   4   _   
5   6   8   7   
9   10  3   12  
13  14  11  15  

1   2   4   7   
5   6   8   _   
9   10  3   12  
13  14  11  15  

1   2   4   7   
5   6   _   8   
9   10  3   12  
13  14  11  15  

1   2   4   7   
5   6   3   8   
9   10  _   12  
13  14  11  15  

1   2   4   7   
5   6   3   8   
9   10  11  12  
13  14  _   15  

1   2   4   7   
5   6   3   8   
9   10  11  12  
13  14  15  _   

1   2   4   7   
5   6   3   8   
9   10  11  _   
13  14  15  12  

1   2   4   7   
5   6   3   _   
9   10  11  8   
13  14  15  12  

1   2   4   _   
5   6   3   7   
9   10  11  8   
13  14  15  12  

1   2   _   4   
5   6   3   7   
9   10  11  8   
13  14  15  12  

1   2   3   4   
5   6   _   7   
9   10  11  8   
13  14  15  12  

1   2   3   4   
5   6   7   _   
9   10  11  8   
13  14  15  12  

1   2   3   4   
5   6   7   8   
9   10  11  _   
13  14  15  12  

1   2   3   4   
5   6   7   8   
9   10  11  12  
13  14  15  _   

